# Empty list
.maps <- list()

# Charlson score, ICD9
.maps[["charlson_icd9"]] <- list()
.maps[["charlson_icd9"]][["ami"]] <- c("410", "412")
.maps[["charlson_icd9"]][["chf"]] <- c("39891", "40201", "40211", "40291", "40401", "40403", "40411", "40413", "40491", "40493", "4254", "4255", "4256", "4257", "4258", "4259", "428")
.maps[["charlson_icd9"]][["pvd"]] <- c("0930", "4373", "440", "441", "4431", "4432", "4433", "4434", "4435", "4436", "4437", "4438", "4439", "4471", "5571", "5579", "V434")
.maps[["charlson_icd9"]][["cevd"]] <- c("36234", "430", "431", "432", "433", "434", "435", "436", "437", "438")
.maps[["charlson_icd9"]][["dementia"]] <- c("290", "2941", "3312")
.maps[["charlson_icd9"]][["copd"]] <- c("4168", "4169", "490", "491", "492", "493", "494", "495", "496", "497", "498", "499", "500", "501", "502", "503", "504", "505", "5064", "5081", "5088")
.maps[["charlson_icd9"]][["rheumd"]] <- c("4465", "7100", "7101", "7102", "7103", "7104", "7140", "7141", "7142", "7148", "725")
.maps[["charlson_icd9"]][["pud"]] <- c("531", "532", "533", "534")
.maps[["charlson_icd9"]][["mld"]] <- c("07022", "07023", "07032", "07033", "07044", "07054", "0706", "0709", "570", "571", "5733", "5734", "5738", "5739", "V427")
.maps[["charlson_icd9"]][["diab"]] <- c("2500", "2501", "2502", "2503", "2508", "2509")
.maps[["charlson_icd9"]][["diabwc"]] <- c("2504", "2505", "2506", "2507")
.maps[["charlson_icd9"]][["hp"]] <- c("3341", "342", "343", "3440", "3441", "3442", "3443", "3444", "3445", "3446", "3449")
.maps[["charlson_icd9"]][["rend"]] <- c("40301", "40311", "40391", "40402", "40403", "40412", "40413", "40492", "40493", "582", "5830", "5831", "5832", "5833", "5834", "5835", "5836", "5837", "585", "586", "5880", "V420", "V451", "V56")
.maps[["charlson_icd9"]][["canc"]] <- c("140", "141", "142", "143", "144", "145", "146", "147", "148", "149", "150", "151", "152", "153", "154", "155", "156", "157", "158", "159", "160", "161", "162", "163", "164", "165", "166", "167", "168", "169", "170", "171", "172", "174", "175", "176", "177", "178", "179", "180", "181", "182", "183", "184", "185", "186", "187", "188", "189", "190", "191", "192", "193", "194", "195", "200", "201", "202", "203", "204", "205", "206", "207", "208", "2386")
.maps[["charlson_icd9"]][["msld"]] <- c("4560", "4561", "4562", "5722", "5723", "5724", "5725", "5726", "5727", "5728")
.maps[["charlson_icd9"]][["metacanc"]] <- c("196", "197", "198", "199")
.maps[["charlson_icd9"]][["aids"]] <- c("042", "043", "044")

# Charlson score, ICD10
.maps[["charlson_icd10"]] <- list()
.maps[["charlson_icd10"]][["ami"]] <- c("I21", "I22", "I252")
.maps[["charlson_icd10"]][["chf"]] <- c("I099", "I110", "I130", "I132", "I255", "I420", "I425", "I426", "I427", "I428", "I429", "I43", "I50", "P290")
.maps[["charlson_icd10"]][["pvd"]] <- c("I70", "I71", "I731", "I738", "I739", "I771", "I790", "I792", "K551", "K558", "K559", "Z958", "Z959")
.maps[["charlson_icd10"]][["cevd"]] <- c("G45", "G46", "H340", "I60", "I61", "I62", "I63", "I64", "I65", "I66", "I67", "I68", "I69")
.maps[["charlson_icd10"]][["dementia"]] <- c("F00", "F01", "F02", "F03", "F051", "G30", "G311")
.maps[["charlson_icd10"]][["copd"]] <- c("I278", "I279", "J40", "J41", "J42", "J43", "J44", "J45", "J46", "J47", "J60", "J61", "J62", "J63", "J64", "J65", "J66", "J67", "J684", "J701", "J703")
.maps[["charlson_icd10"]][["rheumd"]] <- c("M05", "M06", "M315", "M32", "M33", "M34", "M351", "M353", "M360")
.maps[["charlson_icd10"]][["pud"]] <- c("K25", "K26", "K27", "K28")
.maps[["charlson_icd10"]][["mld"]] <- c("B18", "K700", "K701", "K702", "K703", "K709", "K713", "K714", "K715", "K717", "K73", "K74", "K760", "K762", "K763", "K764", "K768", "K769", "Z944")
.maps[["charlson_icd10"]][["diab"]] <- c("E100", "E101", "E106", "E108", "E109", "E110", "E111", "E116", "E118", "E119", "E120", "E121", "E126", "E128", "E129", "E130", "E131", "E136", "E138", "E139", "E140", "E141", "E146", "E148", "E149")
.maps[["charlson_icd10"]][["diabwc"]] <- c("E102", "E103", "E104", "E105", "E107", "E112", "E113", "E114", "E115", "E117", "E122", "E123", "E124", "E125", "E127", "E132", "E133", "E134", "E135", "E137", "E142", "E143", "E144", "E145", "E147")
.maps[["charlson_icd10"]][["hp"]] <- c("G041", "G114", "G801", "G802", "G81", "G82", "G830", "G831", "G832", "G833", "G834", "G839")
.maps[["charlson_icd10"]][["rend"]] <- c("I120", "I131", "N032", "N033", "N034", "N035", "N036", "N037", "N052", "N053", "N054", "N055", "N056", "N057", "N18", "N19", "N250", "Z490", "Z491", "Z492", "Z940", "Z992")
.maps[["charlson_icd10"]][["canc"]] <- c("C00", "C01", "C02", "C03", "C04", "C05", "C06", "C07", "C08", "C09", "C10", "C11", "C12", "C13", "C14", "C15", "C16", "C17", "C18", "C19", "C20", "C21", "C22", "C23", "C24", "C25", "C26", "C30", "C31", "C32", "C33", "C34", "C37", "C38", "C39", "C40", "C41", "C43", "C45", "C46", "C47", "C48", "C49", "C50", "C51", "C52", "C53", "C54", "C55", "C56", "C57", "C58", "C60", "C61", "C62", "C63", "C64", "C65", "C66", "C67", "C68", "C69", "C70", "C71", "C72", "C73", "C74", "C75", "C76", "C81", "C82", "C83", "C84", "C85", "C88", "C90", "C91", "C92", "C93", "C94", "C95", "C96", "C97")
.maps[["charlson_icd10"]][["msld"]] <- c("I850", "I859", "I864", "I982", "K704", "K711", "K721", "K729", "K765", "K766", "K767")
.maps[["charlson_icd10"]][["metacanc"]] <- c("C77", "C78", "C79", "C80")
.maps[["charlson_icd10"]][["aids"]] <- c("B20", "B21", "B22", "B24")

# Charlson score, ICD10, Swedish version
.maps[["charlson_icd10se"]] <- list()
.maps[["charlson_icd10se"]][["ami"]] <- c("I21", "I22", "I252")
.maps[["charlson_icd10se"]][["chf"]] <- c("I110", "I130", "I132", "I255", "I420", "I426", "I427", "I428", "I429", "I43", "I50")
.maps[["charlson_icd10se"]][["pvd"]] <- c("I70", "I71", "I731", "I738", "I771", "I790", "I792", "K55")
.maps[["charlson_icd10se"]][["cevd"]] <- c("G45", "I60", "I61", "I62", "I63", "I64", "I67", "I69")
.maps[["charlson_icd10se"]][["dementia"]] <- c("F00", "F01", "F02", "F03", "F051", "G30", "G311", "G319")
.maps[["charlson_icd10se"]][["copd"]] <- c("J43", "J44", "J41", "J42", "J45", "J46", "J47", "J60", "J61", "J62", "J63", "J64", "J65", "J66", "J67", "J68", "J69", "J70")
.maps[["charlson_icd10se"]][["rheumd"]] <- c("M05", "M06", "M123", "M070", "M071", "M072", "M073", "M08", "M13", "M30", "M313", "M314", "M315", "M316", "M32", "M33", "M34", "M350", "M351", "M353", "M45", "M46")
.maps[["charlson_icd10se"]][["pud"]] <- c("K25", "K26", "K27", "K28")
.maps[["charlson_icd10se"]][["mld"]] <- c("B15", "B16", "B17", "B18", "B19", "K703", "K73", "K746", "K703", "K754")
.maps[["charlson_icd10se"]][["diab"]] <- c("E100", "E101", "E110", "E111", "E120", "E121", "E130", "E131", "E140", "E141")
.maps[["charlson_icd10se"]][["diabwc"]] <- c("E102", "E103", "E104", "E105", "E107", "E112", "E113", "E114", "E115", "E116", "E117", "E122", "E123", "E124", "E125", "E126", "E127", "E132", "E133", "E134", "E135", "E136", "E137", "E142", "E143", "E144", "E145", "E146", "E147")
.maps[["charlson_icd10se"]][["hp"]] <- c("G114", "G80", "G81", "G82", "G830", "G831", "G832", "G833", "G838")
.maps[["charlson_icd10se"]][["rend"]] <- c("N032", "N033", "N034", "N035", "N036", "N037", "N052", "N053", "N054", "N055", "N056", "N057", "N11", "N18", "N19", "N250", "I120", "I131", "Q611", "Q612", "Q613", "Q614", "Z49", "Z940", "Z992")
.maps[["charlson_icd10se"]][["canc"]] <- c("C00", "C01", "C02", "C03", "C04", "C05", "C06", "C07", "C08", "C09", "C10", "C11", "C12", "C13", "C14", "C15", "C16", "C17", "C18", "C19", "C20", "C21", "C22", "C23", "C24", "C25", "C26", "C30", "C31", "C32", "C33", "C34", "C37", "C38", "C39", "C40", "C41", "C43", "C45", "C46", "C47", "C48", "C49", "C50", "C51", "C52", "C53", "C54", "C55", "C56", "C57", "C58", "C60", "C61", "C62", "C63", "C64", "C65", "C66", "C67", "C68", "C69", "C70", "C71", "C72", "C73", "C74", "C75", "C76", "C81", "C82", "C83", "C84", "C85", "C86", "C88", "C90", "C91", "C92", "C93", "C94", "C95", "C96", "C97")
